кодноменклатуры,d_month,шт_дес,кСезонности,шт,Прогноз
40,2017-01-01,2618.9710610932475,0.622,1629.0,0
40,2017-02-01,1700.2412545235225,0.829,1409.5,0
40,2017-03-01,1679.6796796796798,0.999,1678.0,0
40,2017-04-01,1178.4511784511785,0.891,1050.0,0
40,2017-05-01,2617.957746478873,0.852,2230.5,0
40,2017-06-01,2762.780269058296,1.115,3080.5,0
40,2017-07-01,1579.5238095238094,1.05,1658.5,0
40,2017-08-01,2600.175746924429,1.138,2959.0,0
40,2017-09-01,3478.090766823161,1.278,4445.0,0
40,2017-10-01,1526.3829787234042,1.175,1793.5,0
40,2017-11-01,3010.3244837758116,1.017,3061.5,0
40,2017-12-01,2584.622823984526,1.034,2672.5,0
40,2018-01-01,1739.549839228296,0.622,1082.0,0
40,2018-02-01,1077.804583835947,0.829,893.5,0
40,2018-03-01,2040.0400400400401,0.999,2038.0,0
40,2018-04-01,1968.013468013468,0.891,1753.5,0
40,2018-05-01,2392.018779342723,0.852,2038.0,0
40,2018-06-01,3129.596412556054,1.115,3489.5,0
40,2018-07-01,1593.3333333333333,1.05,1673.0,0
40,2018-08-01,2544.3760984182777,1.138,2895.5,0
40,2018-09-01,2374.8043818466354,1.278,3035.0,0
40,2018-10-01,2267.659574468085,1.175,2664.5,0
40,2018-11-01,3372.1730580137664,1.017,3429.5,0
40,2018-12-01,2547.872340425532,1.034,2634.5,0
40,2019-01-01,1311.8971061093248,0.622,816.0,0
40,2019-02-01,2110.9770808202657,0.829,1750.0,0
40,2019-03-01,2282.2822822822823,0.999,2280.0,0
40,2019-04-01,2064.534231200898,0.891,1839.5,0
40,2019-05-01,2532.2769953051643,0.852,2157.5,0
40,2019-06-01,2304.4843049327355,1.115,2569.5,0
40,2019-07-01,2602.8571428571427,1.05,2733.0,0
40,2019-08-01,2442.003514938489,1.138,2779.0,0
40,2019-09-01,3561.8153364632235,1.278,4552.0,0
40,2019-10-01,2507.659574468085,1.175,2946.5,0
40,2019-11-01,3030.973451327434,1.017,3082.5,0
40,2019-12-01,2733.075435203095,1.034,2826.0,0
40,2020-01-01,4228.295819935692,0.622,3945.0,0
40,2020-02-01,3184.5597104945714,0.829,3432.0,0
40,2020-03-01,2065.142065142065,0.999,2682.0,0
40,2020-04-01,593.2339265672599,0.891,370.0,0
40,2020-05-01,2327.2971160295106,0.852,1388.0,0
40,2020-06-01,2067.2645739910313,1.115,2305.0,0
40,2020-07-01,2885.238095238095,1.05,3029.5,0
40,2020-08-01,281.19507908611604,1.138,320.0,0
40,2020-09-01,0.0,1.278,0.0,0
40,2020-10-01,0.0,1.175,0.0,1
40,2020-11-01,0.0,1.017,0.0,1
40,2020-12-01,0.0,1.034,0.0,1
40,2021-01-01,0.0,0.622,0.0,1
40,2021-02-01,0.0,0.829,0.0,1
40,2021-03-01,0.0,0.999,0.0,1
54,2017-01-01,1517.4632352941176,0.544,825.5,0
54,2017-02-01,891.891891891892,0.814,726.0,0
54,2017-03-01,807.0539419087137,0.964,778.0,0
54,2017-04-01,903.954802259887,0.885,800.0,0
54,2017-05-01,1457.4193548387095,0.775,1129.5,0
54,2017-06-01,1267.536704730832,1.226,1554.0,0
54,2017-07-01,1178.1767955801104,1.086,1279.5,0
54,2017-08-01,1273.6427320490368,1.142,1454.5,0
54,2017-09-01,1041.730474732006,1.306,1360.5,0
54,2017-10-01,647.3451327433629,1.13,731.5,0
54,2017-11-01,1347.8886756238003,1.042,1404.5,0
54,2017-12-01,554.7882136279926,1.086,602.5,0
54,2018-01-01,795.9558823529411,0.544,433.0,0
54,2018-02-01,656.019656019656,0.814,534.0,0
54,2018-03-01,1743.7759336099587,0.964,1681.0,0
54,2018-04-01,1363.8418079096045,0.885,1207.0,0
54,2018-05-01,1894.8387096774193,0.775,1468.5,0
54,2018-06-01,1249.5921696574226,1.226,1532.0,0
54,2018-07-01,853.1307550644567,1.086,926.5,0
54,2018-08-01,525.8318739054291,1.142,600.5,0
54,2018-09-01,672.2817764165391,1.306,878.0,0
54,2018-10-01,865.4867256637169,1.13,978.0,0
54,2018-11-01,915.5470249520154,1.042,954.0,0
54,2018-12-01,399.171270718232,1.086,433.5,0
54,2019-01-01,1199.4485294117646,0.544,652.5,0
54,2019-02-01,1443.4889434889435,0.814,1175.0,0
54,2019-03-01,1478.2157676348547,0.964,1425.0,0
54,2019-04-01,1807.909604519774,0.885,1600.0,0
54,2019-05-01,1064.516129032258,0.775,825.0,0
54,2019-06-01,1203.099510603589,1.226,1475.0,0
54,2019-07-01,713.6279926335175,1.086,775.0,0
54,2019-08-01,1204.0280210157619,1.142,1375.0,0
54,2019-09-01,1118.6830015313935,1.306,1461.0,0
54,2019-10-01,486.28318584070803,1.13,549.5,0
54,2019-11-01,1106.046065259117,1.042,1152.5,0
54,2019-12-01,2040.9760589318598,1.086,2216.5,0
54,2020-01-01,1102.941176470588,0.544,900.0,0
54,2020-02-01,1653.7516537516537,0.814,1750.0,0
54,2020-03-01,1459.8627513565273,0.964,1829.5,0
54,2020-04-01,405.1654560129137,0.885,251.0,0
54,2020-05-01,1664.516129032258,0.775,903.0,0
54,2020-06-01,966.9657422512236,1.226,1185.5,0
54,2020-07-01,1143.186003683241,1.086,1241.5,0
54,2020-08-01,21.891418563922944,1.142,25.0,0
54,2020-09-01,0.0,1.306,0.0,0
54,2020-10-01,0.0,1.13,0.0,1
54,2020-11-01,0.0,1.042,0.0,1
54,2020-12-01,0.0,1.086,0.0,1
54,2021-01-01,0.0,0.544,0.0,1
54,2021-02-01,0.0,0.814,0.0,1
54,2021-03-01,0.0,0.964,0.0,1
56,2017-01-01,4857.536764705882,0.544,2642.5,0
56,2017-02-01,6872.850122850124,0.814,5594.5,0
56,2017-03-01,6629.668049792532,0.964,6391.0,0
56,2017-04-01,4394.350282485876,0.885,3889.0,0
56,2017-05-01,9261.935483870968,0.775,7178.0,0
56,2017-06-01,6300.570962479608,1.226,7724.5,0
56,2017-07-01,4188.766114180478,1.086,4549.0,0
56,2017-08-01,4895.359019264449,1.142,5590.5,0
56,2017-09-01,7769.908116385911,1.306,10147.5,0
56,2017-10-01,5855.309734513275,1.13,6616.5,0
56,2017-11-01,5534.069097888675,1.042,5766.5,0
56,2017-12-01,6029.465930018416,1.086,6548.0,0
56,2018-01-01,6024.816176470587,0.544,3277.5,0
56,2018-02-01,4761.670761670762,0.814,3876.0,0
56,2018-03-01,5478.215767634855,0.964,5281.0,0
56,2018-04-01,4997.74011299435,0.885,4423.0,0
56,2018-05-01,6540.645161290322,0.775,5069.0,0
56,2018-06-01,7792.822185970636,1.226,9554.0,0
56,2018-07-01,3224.2173112338855,1.086,3501.5,0
56,2018-08-01,4978.108581436078,1.142,5685.0,0
56,2018-09-01,5175.344563552833,1.306,6759.0,0
56,2018-10-01,4576.1061946902655,1.13,5171.0,0
56,2018-11-01,6862.284069097888,1.042,7150.5,0
56,2018-12-01,7470.994475138121,1.086,8113.5,0
56,2019-01-01,3705.882352941176,0.544,2016.0,0
56,2019-02-01,5470.515970515971,0.814,4453.0,0
56,2019-03-01,6677.385892116183,0.964,6437.0,0
56,2019-04-01,6599.4350282485875,0.885,5840.5,0
56,2019-05-01,5250.322580645161,0.775,4069.0,0
56,2019-06-01,7258.972267536705,1.226,8899.5,0
56,2019-07-01,5211.325966850828,1.086,5659.5,0
56,2019-08-01,6412.434325744309,1.142,7323.0,0
56,2019-09-01,7068.147013782542,1.306,9231.0,0
56,2019-10-01,4165.044247787611,1.13,4706.5,0
56,2019-11-01,6154.510556621881,1.042,6413.0,0
56,2019-12-01,6944.290976058931,1.086,7541.5,0
56,2020-01-01,3083.3333333333335,0.544,2516.0,0
56,2020-02-01,7174.447174447175,0.814,7592.0,0
56,2020-03-01,4874.321736354931,0.964,6108.5,0
56,2020-04-01,3080.710250201776,0.885,1908.5,0
56,2020-05-01,4203.6866359447,0.775,2280.5,0
56,2020-06-01,4757.748776508973,1.226,5833.0,0
56,2020-07-01,5280.847145488029,1.086,5735.0,0
56,2020-08-01,722.4168126094571,1.142,825.0,0
56,2020-09-01,0.0,1.306,0.0,0
56,2020-10-01,0.0,1.13,0.0,1
56,2020-11-01,0.0,1.042,0.0,1
56,2020-12-01,0.0,1.086,0.0,1
56,2021-01-01,0.0,0.544,0.0,1
56,2021-02-01,0.0,0.814,0.0,1
56,2021-03-01,0.0,0.964,0.0,1
57,2017-01-01,8494.372990353697,0.622,5283.5,0
57,2017-02-01,6937.2738238841985,0.829,5751.0,0
57,2017-03-01,9652.152152152152,0.999,9642.5,0
57,2017-04-01,6124.0179573512905,0.891,5456.5,0
57,2017-05-01,9982.394366197183,0.852,8505.0,0
57,2017-06-01,10416.143497757848,1.115,11614.0,0
57,2017-07-01,6300.952380952381,1.05,6616.0,0
57,2017-08-01,9209.1388400703,1.138,10480.0,0
57,2017-09-01,10634.976525821596,1.278,13591.5,0
57,2017-10-01,9400.425531914892,1.175,11045.5,0
57,2017-11-01,11058.50540806293,1.017,11246.5,0
57,2017-12-01,9634.429400386847,1.034,9962.0,0
57,2018-01-01,8322.347266881028,0.622,5176.5,0
57,2018-02-01,5641.133896260555,0.829,4676.5,0
57,2018-03-01,8732.232232232232,0.999,8723.5,0
57,2018-04-01,10485.970819304153,0.891,9343.0,0
57,2018-05-01,9476.525821596244,0.852,8074.0,0
57,2018-06-01,10417.040358744394,1.115,11615.0,0
57,2018-07-01,6748.095238095238,1.05,7085.5,0
57,2018-08-01,6983.304042179262,1.138,7947.0,0
57,2018-09-01,7456.572769953052,1.278,9529.5,0
57,2018-10-01,8736.170212765957,1.175,10265.0,0
57,2018-11-01,10192.723697148476,1.017,10366.0,0
57,2018-12-01,9743.713733075436,1.034,10075.0,0
57,2019-01-01,8891.479099678456,0.622,5530.5,0
57,2019-02-01,8414.957780458384,0.829,6976.0,0
57,2019-03-01,7344.844844844845,0.999,7337.5,0
57,2019-04-01,10236.812570145903,0.891,9121.0,0
57,2019-05-01,9828.051643192488,0.852,8373.5,0
57,2019-06-01,8891.928251121077,1.115,9914.5,0
57,2019-07-01,8703.333333333332,1.05,9138.5,0
57,2019-08-01,7392.355008787347,1.138,8412.5,0
57,2019-09-01,10732.003129890454,1.278,13715.5,0
57,2019-10-01,6939.148936170212,1.175,8153.5,0
57,2019-11-01,9386.430678466078,1.017,9546.0,0
57,2019-12-01,11865.570599613153,1.034,12269.0,0
57,2020-01-01,7658.092175777063,0.622,7145.0,0
57,2020-02-01,12798.552472858866,0.829,13793.0,0
57,2020-03-01,7985.677985677985,0.999,10371.0,0
57,2020-04-01,2248.677248677249,0.891,1402.5,0
57,2020-05-01,6272.635814889336,0.852,3741.0,0
57,2020-06-01,5965.91928251121,1.115,6652.0,0
57,2020-07-01,10702.380952380952,1.05,11237.5,0
57,2020-08-01,659.0509666080844,1.138,750.0,0
57,2020-09-01,0.0,1.278,0.0,0
57,2020-10-01,0.0,1.175,0.0,1
57,2020-11-01,0.0,1.017,0.0,1
57,2020-12-01,0.0,1.034,0.0,1
57,2021-01-01,0.0,0.622,0.0,1
57,2021-02-01,0.0,0.829,0.0,1
57,2021-03-01,0.0,0.999,0.0,1
60,2017-01-01,659.9264705882352,0.544,359.0,0
60,2017-02-01,1323.7100737100739,0.814,1077.5,0
60,2017-03-01,988.5892116182573,0.964,953.0,0
60,2017-04-01,606.2146892655367,0.885,536.5,0
60,2017-05-01,942.5806451612902,0.775,730.5,0
60,2017-06-01,907.4225122349103,1.226,1112.5,0
60,2017-07-01,1010.1289134438305,1.086,1097.0,0
60,2017-08-01,666.3747810858144,1.142,761.0,0
60,2017-09-01,1064.7013782542112,1.306,1390.5,0
60,2017-10-01,1002.6548672566373,1.13,1133.0,0
60,2017-11-01,752.3992322456813,1.042,784.0,0
60,2017-12-01,791.4364640883978,1.086,859.5,0
60,2018-01-01,666.360294117647,0.544,362.5,0
60,2018-02-01,614.8648648648649,0.814,500.5,0
60,2018-03-01,1060.1659751037346,0.964,1022.0,0
60,2018-04-01,1035.593220338983,0.885,916.5,0
60,2018-05-01,1098.0645161290322,0.775,851.0,0
60,2018-06-01,1119.9021207177814,1.226,1373.0,0
60,2018-07-01,534.0699815837937,1.086,580.0,0
60,2018-08-01,619.5271453590193,1.142,707.5,0
60,2018-09-01,1055.1301684532925,1.306,1378.0,0
60,2018-10-01,1221.6814159292037,1.13,1380.5,0
60,2018-11-01,1110.8445297504798,1.042,1157.5,0
60,2018-12-01,743.5543278084714,1.086,807.5,0
60,2019-01-01,886.9485294117646,0.544,482.5,0
60,2019-02-01,1280.712530712531,0.814,1042.5,0
60,2019-03-01,1130.1867219917012,0.964,1089.5,0
60,2019-04-01,1075.1412429378531,0.885,951.5,0
60,2019-05-01,659.3548387096774,0.775,511.0,0
60,2019-06-01,1109.7063621533441,1.226,1360.5,0
60,2019-07-01,924.9539594843461,1.086,1004.5,0
60,2019-08-01,985.551663747811,1.142,1125.5,0
60,2019-09-01,1005.3598774885145,1.306,1313.0,0
60,2019-10-01,469.9115044247788,1.13,531.0,0
60,2019-11-01,882.9174664107485,1.042,920.0,0
60,2019-12-01,1243.5543278084713,1.086,1350.5,0
60,2020-01-01,857.2303921568626,0.544,699.5,0
60,2020-02-01,1070.6860706860707,0.814,1133.0,0
60,2020-03-01,993.4567507181616,0.964,1245.0,0
60,2020-04-01,535.9160613397902,0.885,332.0,0
60,2020-05-01,811.9815668202765,0.775,440.5,0
60,2020-06-01,681.0766721044046,1.226,835.0,0
60,2020-07-01,1680.4788213627992,1.086,1825.0,0
60,2020-08-01,157.6182136602452,1.142,180.0,0
60,2020-09-01,0.0,1.306,0.0,0
60,2020-10-01,0.0,1.13,0.0,1
60,2020-11-01,0.0,1.042,0.0,1
60,2020-12-01,0.0,1.086,0.0,1
60,2021-01-01,0.0,0.544,0.0,1
60,2021-02-01,0.0,0.814,0.0,1
60,2021-03-01,0.0,0.964,0.0,1
62,2017-01-01,6767.463235294117,0.544,3681.5,0
62,2017-02-01,8387.592137592139,0.814,6827.5,0
62,2017-03-01,7529.564315352697,0.964,7258.5,0
62,2017-04-01,7012.429378531074,0.885,6206.0,0
62,2017-05-01,8862.58064516129,0.775,6868.5,0
62,2017-06-01,7548.9396411092985,1.226,9255.0,0
62,2017-07-01,5938.305709023941,1.086,6449.0,0
62,2017-08-01,6154.553415061297,1.142,7028.5,0
62,2017-09-01,11177.258805513016,1.306,14597.5,0
62,2017-10-01,5589.823008849558,1.13,6316.5,0
62,2017-11-01,8381.477927063339,1.042,8733.5,0
62,2017-12-01,6620.165745856353,1.086,7189.5,0
62,2018-01-01,6092.8308823529405,0.544,3314.5,0
62,2018-02-01,5995.085995085996,0.814,4880.0,0
62,2018-03-01,7330.91286307054,0.964,7067.0,0
62,2018-04-01,8396.045197740114,0.885,7430.5,0
62,2018-05-01,9638.064516129032,0.775,7469.5,0
62,2018-06-01,9530.179445350734,1.226,11684.0,0
62,2018-07-01,3845.3038674033146,1.086,4176.0,0
62,2018-08-01,7085.814360770579,1.142,8092.0,0
62,2018-09-01,7207.886676875957,1.306,9413.5,0
62,2018-10-01,6238.938053097346,1.13,7050.0,0
62,2018-11-01,8924.664107485603,1.042,9299.5,0
62,2018-12-01,7450.276243093922,1.086,8091.0,0
62,2019-01-01,9024.816176470587,0.544,4909.5,0
62,2019-02-01,5805.282555282555,0.814,4725.5,0
62,2019-03-01,8926.348547717842,0.964,8605.0,0
62,2019-04-01,8990.9604519774,0.885,7957.0,0
62,2019-05-01,7583.225806451613,0.775,5877.0,0
62,2019-06-01,5332.381729200652,1.226,6537.5,0
62,2019-07-01,9091.620626151012,1.086,9873.5,0
62,2019-08-01,7683.012259194396,1.142,8774.0,0
62,2019-09-01,8001.531393568147,1.306,10450.0,0
62,2019-10-01,5990.265486725664,1.13,6769.0,0
62,2019-11-01,7741.842610364683,1.042,8067.0,0
62,2019-12-01,10567.679558011048,1.086,11476.5,0
62,2020-01-01,4655.637254901961,0.544,3799.0,0
62,2020-02-01,7462.672462672463,0.814,7897.0,0
62,2020-03-01,5257.740185126077,0.964,6589.0,0
62,2020-04-01,2730.42776432607,0.885,1691.5,0
62,2020-05-01,6964.055299539171,0.775,3778.0,0
62,2020-06-01,5880.5057096247965,1.226,7209.5,0
62,2020-07-01,7643.646408839779,1.086,8301.0,0
62,2020-08-01,676.444833625219,1.142,772.5,0
62,2020-09-01,0.0,1.306,0.0,0
62,2020-10-01,0.0,1.13,0.0,1
62,2020-11-01,0.0,1.042,0.0,1
62,2020-12-01,0.0,1.086,0.0,1
62,2021-01-01,0.0,0.544,0.0,1
62,2021-02-01,0.0,0.814,0.0,1
62,2021-03-01,0.0,0.964,0.0,1
108,2017-01-01,6197.749196141479,0.622,3855.0,0
108,2017-02-01,7120.024125452353,0.829,5902.5,0
108,2017-03-01,7746.246246246246,0.999,7738.5,0
108,2017-04-01,5560.044893378226,0.891,4954.0,0
108,2017-05-01,7299.882629107981,0.852,6219.5,0
108,2017-06-01,7482.959641255606,1.115,8343.5,0
108,2017-07-01,4750.47619047619,1.05,4988.0,0
108,2017-08-01,7409.490333919157,1.138,8432.0,0
108,2017-09-01,8573.94366197183,1.278,10957.5,0
108,2017-10-01,6648.085106382979,1.175,7811.5,0
108,2017-11-01,7058.505408062931,1.017,7178.5,0
108,2017-12-01,7420.212765957446,1.034,7672.5,0
108,2018-01-01,7737.138263665595,0.622,4812.5,0
108,2018-02-01,6844.390832328107,0.829,5674.0,0
108,2018-03-01,5501.5015015015015,0.999,5496.0,0
108,2018-04-01,7849.607182940516,0.891,6994.0,0
108,2018-05-01,10790.492957746479,0.852,9193.5,0
108,2018-06-01,7946.636771300448,1.115,8860.5,0
108,2018-07-01,4443.333333333333,1.05,4665.5,0
108,2018-08-01,4792.61862917399,1.138,5454.0,0
108,2018-09-01,5232.785602503912,1.278,6687.5,0
108,2018-10-01,7145.95744680851,1.175,8396.5,0
108,2018-11-01,8941.986234021633,1.017,9094.0,0
108,2018-12-01,7402.321083172147,1.034,7654.0,0
108,2019-01-01,4999.196141479099,0.622,3109.5,0
108,2019-02-01,6495.7780458383595,0.829,5385.0,0
108,2019-03-01,6579.579579579579,0.999,6573.0,0
108,2019-04-01,7430.415263748597,0.891,6620.5,0
108,2019-05-01,5826.877934272301,0.852,4964.5,0
108,2019-06-01,8493.72197309417,1.115,9470.5,0
108,2019-07-01,5943.809523809524,1.05,6241.0,0
108,2019-08-01,6819.4200351493855,1.138,7760.5,0
108,2019-09-01,7566.901408450704,1.278,9670.5,0
108,2019-10-01,6125.106382978724,1.175,7197.0,0
108,2019-11-01,8941.00294985251,1.017,9093.0,0
108,2019-12-01,8554.642166344294,1.034,8845.5,0
108,2020-01-01,5251.875669882101,0.622,4900.0,0
108,2020-02-01,8525.56370047323,0.829,9188.0,0
108,2020-03-01,4745.8997458997455,0.999,6163.5,0
108,2020-04-01,1643.4183100849766,0.891,1025.0,0
108,2020-05-01,8132.96445338699,0.852,4850.5,0
108,2020-06-01,8790.134529147983,1.115,9801.0,0
108,2020-07-01,7630.952380952381,1.05,8012.5,0
108,2020-08-01,645.8699472759228,1.138,735.0,0
108,2020-09-01,0.0,1.278,0.0,0
108,2020-10-01,0.0,1.175,0.0,1
108,2020-11-01,0.0,1.017,0.0,1
108,2020-12-01,0.0,1.034,0.0,1
108,2021-01-01,0.0,0.622,0.0,1
108,2021-02-01,0.0,0.829,0.0,1
108,2021-03-01,0.0,0.999,0.0,1
819,2017-01-01,2860.128617363344,0.622,1779.0,0
819,2017-02-01,3019.903498190591,0.829,2503.5,0
819,2017-03-01,4235.235235235235,0.999,4231.0,0
819,2017-04-01,2342.8731762065095,0.891,2087.5,0
819,2017-05-01,3597.417840375587,0.852,3065.0,0
819,2017-06-01,3246.6367713004483,1.115,3620.0,0
819,2017-07-01,1758.5714285714284,1.05,1846.5,0
819,2017-08-01,3870.3866432337436,1.138,4404.5,0
819,2017-09-01,4631.064162754304,1.278,5918.5,0
819,2017-10-01,2721.276595744681,1.175,3197.5,0
819,2017-11-01,3647.4926253687318,1.017,3709.5,0
819,2017-12-01,3021.276595744681,1.034,3124.0,0
819,2018-01-01,1856.9131832797427,0.622,1155.0,0
819,2018-02-01,2364.2943305186973,0.829,1960.0,0
819,2018-03-01,2732.232232232232,0.999,2729.5,0
819,2018-04-01,3310.8866442199774,0.891,2950.0,0
819,2018-05-01,3021.1267605633802,0.852,2574.0,0
819,2018-06-01,4182.062780269059,1.115,4663.0,0
819,2018-07-01,2875.714285714286,1.05,3019.5,0
819,2018-08-01,3807.55711775044,1.138,4333.0,0
819,2018-09-01,3058.2942097026603,1.278,3908.5,0
819,2018-10-01,2520.0,1.175,2961.0,0
819,2018-11-01,3096.361848574238,1.017,3149.0,0
819,2018-12-01,3825.4352030947775,1.034,3955.5,0
819,2019-01-01,2148.7138263665597,0.622,1336.5,0
819,2019-02-01,3100.723763570567,0.829,2570.5,0
819,2019-03-01,3006.006006006006,0.999,3003.0,0
819,2019-04-01,3059.4837261503926,0.891,2726.0,0
819,2019-05-01,3081.5727699530516,0.852,2625.5,0
819,2019-06-01,3251.5695067264573,1.115,3625.5,0
819,2019-07-01,2832.8571428571427,1.05,2974.5,0
819,2019-08-01,4174.428822495606,1.138,4750.5,0
819,2019-09-01,3902.9733959311425,1.278,4988.0,0
819,2019-10-01,2842.553191489362,1.175,3340.0,0
819,2019-11-01,3441.4945919370703,1.017,3500.0,0
819,2019-12-01,4056.092843326886,1.034,4194.0,0
819,2020-01-01,2679.528403001072,0.622,2500.0,0
819,2020-02-01,5380.439825554422,0.829,5798.5,0
819,2020-03-01,2499.422499422499,0.999,3246.0,0
819,2020-04-01,1258.617925284592,0.891,785.0,0
819,2020-05-01,2958.5848423876596,0.852,1764.5,0
819,2020-06-01,2353.3632286995517,1.115,2624.0,0
819,2020-07-01,3643.809523809524,1.05,3826.0,0
819,2020-08-01,298.76977152899826,1.138,340.0,0
819,2020-09-01,0.0,1.278,0.0,0
819,2020-10-01,0.0,1.175,0.0,1
819,2020-11-01,0.0,1.017,0.0,1
819,2020-12-01,0.0,1.034,0.0,1
819,2021-01-01,0.0,0.622,0.0,1
819,2021-02-01,0.0,0.829,0.0,1
819,2021-03-01,0.0,0.999,0.0,1
821,2017-01-01,1978.8602941176468,0.544,1076.5,0
821,2017-02-01,2358.1081081081084,0.814,1919.5,0
821,2017-03-01,2971.473029045643,0.964,2864.5,0
821,2017-04-01,2107.909604519774,0.885,1865.5,0
821,2017-05-01,2809.6774193548385,0.775,2177.5,0
821,2017-06-01,2760.1957585644373,1.226,3384.0,0
821,2017-07-01,1632.136279926335,1.086,1772.5,0
821,2017-08-01,2230.735551663748,1.142,2547.5,0
821,2017-09-01,2951.7611026033687,1.306,3855.0,0
821,2017-10-01,2094.690265486726,1.13,2367.0,0
821,2017-11-01,3173.704414587332,1.042,3307.0,0
821,2017-12-01,2185.0828729281766,1.086,2373.0,0
821,2018-01-01,2827.205882352941,0.544,1538.0,0
821,2018-02-01,1987.1007371007372,0.814,1617.5,0
821,2018-03-01,3063.278008298755,0.964,2953.0,0
821,2018-04-01,2650.8474576271187,0.885,2346.0,0
821,2018-05-01,3190.967741935484,0.775,2473.0,0
821,2018-06-01,3261.8270799347474,1.226,3999.0,0
821,2018-07-01,1697.9742173112338,1.086,1844.0,0
821,2018-08-01,2540.718038528897,1.142,2901.5,0
821,2018-09-01,2755.3598774885145,1.306,3598.5,0
821,2018-10-01,2718.141592920354,1.13,3071.5,0
821,2018-11-01,2984.644913627639,1.042,3110.0,0
821,2018-12-01,2386.7403314917124,1.086,2592.0,0
821,2019-01-01,2294.1176470588234,0.544,1248.0,0
821,2019-02-01,2234.029484029484,0.814,1818.5,0
821,2019-03-01,2922.7178423236514,0.964,2817.5,0
821,2019-04-01,3184.7457627118642,0.885,2818.5,0
821,2019-05-01,2615.483870967742,0.775,2027.0,0
821,2019-06-01,2878.8743882544863,1.226,3529.5,0
821,2019-07-01,1843.4622467771637,1.086,2002.0,0
821,2019-08-01,3512.2591943957973,1.142,4011.0,0
821,2019-09-01,2654.2879019908114,1.306,3466.5,0
821,2019-10-01,1598.6725663716816,1.13,1806.5,0
821,2019-11-01,3214.9712092130517,1.042,3350.0,0
821,2019-12-01,3252.3020257826884,1.086,3532.0,0
821,2020-01-01,1162.9901960784312,0.544,949.0,0
821,2020-02-01,3335.8533358533364,0.814,3530.0,0
821,2020-03-01,2054.7398659431856,0.964,2575.0,0
821,2020-04-01,1108.9588377723971,0.885,687.0,0
821,2020-05-01,1813.824884792627,0.775,984.0,0
821,2020-06-01,1754.4861337683524,1.226,2151.0,0
821,2020-07-01,2238.489871086556,1.086,2431.0,0
821,2020-08-01,387.4781085814361,1.142,442.5,0
821,2020-09-01,0.0,1.306,0.0,0
821,2020-10-01,0.0,1.13,0.0,1
821,2020-11-01,0.0,1.042,0.0,1
821,2020-12-01,0.0,1.086,0.0,1
821,2021-01-01,0.0,0.544,0.0,1
821,2021-02-01,0.0,0.814,0.0,1
821,2021-03-01,0.0,0.964,0.0,1
838,2017-01-01,1068.9338235294117,0.544,581.5,0
838,2017-02-01,862.4078624078625,0.814,702.0,0
838,2017-03-01,1183.091286307054,0.964,1140.5,0
838,2017-04-01,572.3163841807909,0.885,506.5,0
838,2017-05-01,994.1935483870967,0.775,770.5,0
838,2017-06-01,1036.7047308319738,1.226,1271.0,0
838,2017-07-01,836.5561694290975,1.086,908.5,0
838,2017-08-01,1056.042031523643,1.142,1206.0,0
838,2017-09-01,1187.978560490046,1.306,1551.5,0
838,2017-10-01,703.9823008849559,1.13,795.5,0
838,2017-11-01,1014.3953934740882,1.042,1057.0,0
838,2017-12-01,1043.2780847145486,1.086,1133.0,0
838,2018-01-01,1151.6544117647059,0.544,626.5,0
838,2018-02-01,665.2334152334153,0.814,541.5,0
838,2018-03-01,861.5145228215767,0.964,830.5,0
838,2018-04-01,1147.457627118644,0.885,1015.5,0
838,2018-05-01,1006.4516129032257,0.775,780.0,0
838,2018-06-01,1171.2887438825448,1.226,1436.0,0
838,2018-07-01,912.9834254143645,1.086,991.5,0
838,2018-08-01,997.3730297723293,1.142,1139.0,0
838,2018-09-01,996.9372128637059,1.306,1302.0,0
838,2018-10-01,1038.0530973451328,1.13,1173.0,0
838,2018-11-01,860.3646833013436,1.042,896.5,0
838,2018-12-01,1120.1657458563536,1.086,1216.5,0
838,2019-01-01,1350.1838235294117,0.544,734.5,0
838,2019-02-01,891.891891891892,0.814,726.0,0
838,2019-03-01,789.9377593360996,0.964,761.5,0
838,2019-04-01,1277.9661016949153,0.885,1131.0,0
838,2019-05-01,908.3870967741935,0.775,704.0,0
838,2019-06-01,1112.9690048939642,1.226,1364.5,0
838,2019-07-01,795.1197053406997,1.086,863.5,0
838,2019-08-01,1146.2346760070054,1.142,1309.0,0
838,2019-09-01,1362.5574272588055,1.306,1779.5,0
838,2019-10-01,847.3451327433629,1.13,957.5,0
838,2019-11-01,1509.5969289827256,1.042,1573.0,0
838,2019-12-01,1233.8858195211785,1.086,1340.0,0
838,2020-01-01,691.7892156862745,0.544,564.5,0
838,2020-02-01,928.935928935929,0.814,983.0,0
838,2020-03-01,668.289179699968,0.964,837.5,0
838,2020-04-01,351.89669087974175,0.885,218.0,0
838,2020-05-01,707.8341013824885,0.775,384.0,0
838,2020-06-01,774.4698205546492,1.226,949.5,0
838,2020-07-01,1063.5359116022098,1.086,1155.0,0
838,2020-08-01,92.38178633975483,1.142,105.5,0
838,2020-09-01,0.0,1.306,0.0,0
838,2020-10-01,0.0,1.13,0.0,1
838,2020-11-01,0.0,1.042,0.0,1
838,2020-12-01,0.0,1.086,0.0,1
838,2021-01-01,0.0,0.544,0.0,1
838,2021-02-01,0.0,0.814,0.0,1
838,2021-03-01,0.0,0.964,0.0,1
